0.000000	313.000000
316.000000	303.000000
631.000000	293.000000
934.000000	283.000000
1226.000000	273.000000
1511.000000	263.000000
1784.000000	253.000000
2047.000000	243.000000
2300.000000	233.000000
2545.000000	223.000000
2778.000000	213.000000
3000.000000	203.000000
3213.000000	193.000000
3418.000000	183.000000
3611.000000	173.000000
3795.000000	163.000000
3968.000000	153.000000
4131.000000	143.000000
4284.000000	133.000000
4428.000000	123.000000
4562.000000	113.000000
4685.000000	103.000000
4799.000000	93.000000
4995.000000	102.300003
5088.000000	112.530006
5190.000000	123.783012
5303.000000	136.161316
5429.000000	149.777451
5565.000000	164.755203
5715.000000	181.230728
5881.000000	199.353806
6061.000000	219.289185
6261.000000	241.218109
6481.000000	265.339935
6723.000000	291.873932
6989.000000	321.061340
7280.000000	353.167480
7603.000000	388.484222
7957.000000	427.332642
8344.000000	470.065918
8773.000000	517.072510
9243.000000	568.779785
9761.000000	625.657776
10329.000000	688.223572
10956.000000	757.045959
11645.000000	832.750549
13235.000000	822.750549
14067.000000	812.750549
14892.000000	802.750549
15705.000000	792.750549
16508.000000	782.750549
17301.000000	772.750549
18084.000000	762.750549
18858.000000	752.750549
19621.000000	742.750549
20375.000000	732.750549
21117.000000	722.750549
21851.000000	712.750549
22574.000000	702.750549
23286.000000	692.750549
23991.000000	682.750549
24684.000000	672.750549
25367.000000	662.750549
26039.000000	652.750549
26703.000000	642.750549
27355.000000	632.750549
28000.000000	622.750549
28633.000000	612.750549
29255.000000	602.750549
29869.000000	592.750549
30472.000000	582.750549
31065.000000	572.750549
31649.000000	562.750549
32221.000000	552.750549
32785.000000	542.750549
33337.000000	532.750549
33882.000000	522.750549
34415.000000	512.750549
34938.000000	502.750549
35451.000000	492.750549
35954.000000	482.750549
36447.000000	472.750549
36930.000000	462.750549
37403.000000	452.750549
37866.000000	442.750549
38319.000000	432.750549
38763.000000	422.750549
39195.000000	412.750549
39619.000000	402.750549
40031.000000	392.750549
40435.000000	382.750549
40829.000000	372.750549
41211.000000	362.750549
41585.000000	352.750549
41948.000000	342.750549
42301.000000	332.750549
42645.000000	322.750549
42978.000000	312.750549
43300.000000	302.750549
43614.000000	292.750549
43917.000000	282.750549
44209.000000	272.750549
44493.000000	262.750549
44766.000000	252.750549
45029.000000	242.750549
45282.000000	232.750549
45526.000000	222.750549
45759.000000	212.750549
45982.000000	202.750549
46194.000000	192.750549
46398.000000	182.750549
46591.000000	172.750549
46774.000000	162.750549
46948.000000	152.750549
47110.000000	142.750549
47263.000000	132.750549
47407.000000	122.750549
47540.000000	112.750549
47663.000000	102.750549
47777.000000	92.750549
47973.000000	102.025604
48065.000000	112.228165
48167.000000	123.450981
48280.000000	135.796082
48405.000000	149.375687
48541.000000	164.313263
48691.000000	180.744598
48856.000000	198.819061
49036.000000	218.700974
49235.000000	240.571075
49455.000000	264.628174
49696.000000	291.091003
49961.000000	320.200104
50252.000000	352.220123
50574.000000	387.442139
50926.000000	426.186371
51313.000000	468.805023
51741.000000	515.685547
52209.000000	567.254089
52726.000000	623.979492
53292.000000	686.377441
53918.000000	755.015198
54605.000000	830.516724
56190.000000	820.516724
57021.000000	810.516724
57843.000000	800.516724
58654.000000	790.516724
59455.000000	780.516724
60245.000000	770.516724
61025.000000	760.516724
61797.000000	750.516724
62558.000000	740.516724
63308.000000	730.516724
64049.000000	720.516724
64781.000000	710.516724
65502.000000	700.516724
66212.000000	690.516724
66914.000000	680.516724
67605.000000	670.516724
68284.000000	660.516724
68956.000000	650.516724
69617.000000	640.516724
70267.000000	630.516724
70909.000000	620.516724
71540.000000	610.516724
72160.000000	600.516724
72771.000000	590.516724
73372.000000	580.516724
73963.000000	570.516724
74544.000000	560.516724
75114.000000	550.516724
75676.000000	540.516724
76226.000000	530.516724
76767.000000	520.516724
77297.000000	510.516724
77819.000000	500.516724
78329.000000	490.516724
78831.000000	480.516724
79321.000000	470.516724
79803.000000	460.516724
80272.000000	450.516724
80734.000000	440.516724
81184.000000	430.516724
81626.000000	420.516724
82056.000000	410.516724
82478.000000	400.516724
82889.000000	390.516724
83289.000000	380.516724
83680.000000	370.516724
84060.000000	360.516724
84432.000000	350.516724
84793.000000	340.516724
85144.000000	330.516724
85485.000000	320.516724
85816.000000	310.516724
86136.000000	300.516724
86448.000000	290.516724
86749.000000	280.516724
87040.000000	270.516724
87321.000000	260.516724
87592.000000	250.516724
87853.000000	240.516724
88103.000000	230.516724
88344.000000	220.516724
88576.000000	210.516724
88797.000000	200.516724
89007.000000	190.516724
89208.000000	180.516724
89400.000000	170.516724
89580.000000	160.516724
89752.000000	150.516724
89912.000000	140.516724
90062.000000	130.516724
90203.000000	120.516724
90334.000000	110.516724
90456.000000	100.516724
90567.000000	90.516724
90758.000000	99.568398
90849.000000	109.525238
90949.000000	120.477768
91058.000000	132.525543
91179.000000	145.778107
91311.000000	160.355927
91459.000000	176.391525
91620.000000	194.030685
91796.000000	213.433762
91991.000000	234.777145
92204.000000	258.254852
92440.000000	284.080353
92698.000000	312.488403
92983.000000	343.737244
93295.000000	378.110962
93640.000000	415.922058
94017.000000	457.514282
94434.000000	503.265717
94893.000000	553.592285
95396.000000	608.951538
95950.000000	669.846680
96560.000000	736.831360
97229.000000	810.514526
97967.000000	891.565979
98778.000000	881.565979
99670.000000	871.565979
100552.000000	861.565979
101424.000000	851.565979
102285.000000	841.565979
103137.000000	831.565979
103980.000000	821.565979
104812.000000	811.565979
105634.000000	801.565979
106446.000000	791.565979
107247.000000	781.565979
108039.000000	771.565979
108822.000000	761.565979
109594.000000	751.565979
110355.000000	741.565979
111107.000000	731.565979
111850.000000	721.565979
112582.000000	711.565979
113302.000000	701.565979
114014.000000	691.565979
114717.000000	681.565979
115409.000000	671.565979
116090.000000	661.565979
116762.000000	651.565979
117424.000000	641.565979
118075.000000	631.565979
118718.000000	621.565979
119349.000000	611.565979
119972.000000	601.565979
120584.000000	591.565979
121185.000000	581.565979
121778.000000	571.565979
122359.000000	561.565979
122932.000000	551.565979
123494.000000	541.565979
124045.000000	531.565979
124588.000000	521.565979
125119.000000	511.565979
125642.000000	501.565979
126153.000000	491.565979
126656.000000	481.565979
127147.000000	471.565979
127630.000000	461.565979
128101.000000	451.565979
128564.000000	441.565979
129014.000000	431.565979
129457.000000	421.565979
129889.000000	411.565979
130310.000000	401.565979
130723.000000	391.565979
131124.000000	381.565979
131518.000000	371.565979
131899.000000	361.565979
132271.000000	351.565979
132634.000000	341.565979
132986.000000	331.565979
133327.000000	321.565979
133659.000000	311.565979
133981.000000	301.565979
134292.000000	291.565979
134595.000000	281.565979
134888.000000	271.565979
135168.000000	261.565979
135441.000000	251.565979
135703.000000	241.565979
135955.000000	231.565979
136196.000000	221.565979
136429.000000	211.565979
136651.000000	201.565979
136863.000000	191.565979
137064.000000	181.565979
137255.000000	171.565979
137438.000000	161.565979
137610.000000	151.565979
137772.000000	141.565979
137924.000000	131.565979
138065.000000	121.565979
138197.000000	111.565979
138319.000000	101.565979
138432.000000	91.565979
138626.000000	100.722580
138718.000000	110.794838
138819.000000	121.874321
138930.000000	134.061752
139052.000000	147.467926
139186.000000	162.214722
139334.000000	178.436203
139497.000000	196.279831
139676.000000	215.907822
139873.000000	237.498611
140088.000000	261.248474
140326.000000	287.373322
140588.000000	316.110657
140876.000000	347.721741
141192.000000	382.493927
141541.000000	420.743317
141923.000000	462.817657
142344.000000	509.099426
142808.000000	560.009399
143316.000000	616.010376
143878.000000	677.611450
144494.000000	745.372620
145171.000000	819.909912
146738.000000	809.909912
147558.000000	799.909912
148368.000000	789.909912
149168.000000	779.909912
149959.000000	769.909912
150739.000000	759.909912
151509.000000	749.909912
152269.000000	739.909912
153019.000000	729.909912
153760.000000	719.909912
154491.000000	709.909912
155210.000000	699.909912
155921.000000	689.909912
156621.000000	679.909912
157310.000000	669.909912
157991.000000	659.909912
158661.000000	649.909912
159320.000000	639.909912
159971.000000	629.909912
160612.000000	619.909912
161241.000000	609.909912
161862.000000	599.909912
162472.000000	589.909912
163071.000000	579.909912
163663.000000	569.909912
164242.000000	559.909912
164813.000000	549.909912
165373.000000	539.909912
165923.000000	529.909912
166463.000000	519.909912
166993.000000	509.909912
167514.000000	499.909912
168023.000000	489.909912
168524.000000	479.909912
169013.000000	469.909912
169494.000000	459.909912
169965.000000	449.909912
170425.000000	439.909912
170876.000000	429.909912
171315.000000	419.909912
171746.000000	409.909912
172166.000000	399.909912
172577.000000	389.909912
172977.000000	379.909912
173367.000000	369.909912
173748.000000	359.909912
174117.000000	349.909912
174478.000000	339.909912
174829.000000	329.909912
175168.000000	319.909912
175499.000000	309.909912
175820.000000	299.909912
176129.000000	289.909912
176430.000000	279.909912
176721.000000	269.909912
177000.000000	259.909912
177270.000000	249.909912
177532.000000	239.909912
177782.000000	229.909912
178022.000000	219.909912
178252.000000	209.909912
178473.000000	199.909912
178684.000000	189.909912
178884.000000	179.909912
179073.000000	169.909912
179254.000000	159.909912
179425.000000	149.909912
179585.000000	139.909912
179736.000000	129.909912
179876.000000	119.909912
180005.000000	109.909912
180125.000000	99.909912
180236.000000	89.909912
180428.000000	98.900902
180518.000000	108.790993
180617.000000	119.670097
180726.000000	131.637115
180846.000000	144.800827
180978.000000	159.280914
181122.000000	175.209015
181282.000000	192.729919
181459.000000	212.002914
181652.000000	233.203217
181865.000000	256.523529
182097.000000	282.175903
182354.000000	310.393494
182638.000000	341.432861
182949.000000	375.576141
183289.000000	413.133759
183666.000000	454.447144
184079.000000	499.891876
184535.000000	549.881104
185034.000000	604.869202
185585.000000	665.356140
186189.000000	731.891785
186856.000000	805.080994
187588.000000	885.589111
188394.000000	875.589111
189279.000000	865.589111
190155.000000	855.589111
191021.000000	845.589111
191878.000000	835.589111
192724.000000	825.589111
193560.000000	815.589111
194386.000000	805.589111
195201.000000	795.589111
196008.000000	785.589111
196804.000000	775.589111
197590.000000	765.589111
198366.000000	755.589111
199131.000000	745.589111
199888.000000	735.589111
200635.000000	725.589111
201370.000000	715.589111
202095.000000	705.589111
202812.000000	695.589111
203518.000000	685.589111
204213.000000	675.589111
204900.000000	665.589111
205576.000000	655.589111
206241.000000	645.589111
206898.000000	635.589111
207544.000000	625.589111
208179.000000	615.589111
208806.000000	605.589111
209422.000000	595.589111
210027.000000	585.589111
210624.000000	575.589111
211209.000000	565.589111
211786.000000	555.589111
212351.000000	545.589111
212908.000000	535.589111
213454.000000	525.589111
213990.000000	515.589111
214516.000000	505.589111
215031.000000	495.589111
215538.000000	485.589111
216033.000000	475.589111
216520.000000	465.589111
216996.000000	455.589111
217462.000000	445.589111
217918.000000	435.589111
218363.000000	425.589111
218800.000000	415.589111
219225.000000	405.589111
219642.000000	395.589111
220047.000000	385.589111
220444.000000	375.589111
220830.000000	365.589111
221205.000000	355.589111
221572.000000	345.589111
221928.000000	335.589111
222273.000000	325.589111
222610.000000	315.589111
222936.000000	305.589111
223251.000000	295.589111
223558.000000	285.589111
223854.000000	275.589111
224139.000000	265.589111
224416.000000	255.589111
224682.000000	245.589111
224939.000000	235.589111
225184.000000	225.589111
225421.000000	215.589111
225647.000000	205.589111
225863.000000	195.589111
226068.000000	185.589111
226265.000000	175.589111
226452.000000	165.589111
226628.000000	155.589111
226793.000000	145.589111
226950.000000	135.589111
227095.000000	125.589111
227230.000000	115.589111
227357.000000	105.589111
227474.000000	95.589111
227771.000000	105.148026
227868.000000	115.662834
227973.000000	127.229118
228088.000000	139.952026
228216.000000	153.947235
228356.000000	169.341965
228512.000000	186.276169
228682.000000	204.903793
228868.000000	225.394180
229072.000000	247.933609
229298.000000	272.726990
229547.000000	299.999695
229821.000000	329.999664
230120.000000	362.999634
230452.000000	399.299591
230815.000000	439.229553
231214.000000	483.152527
231655.000000	531.467773
232137.000000	584.614563
232670.000000	643.076050
233254.000000	707.383667
233899.000000	778.122070
234606.000000	855.934326
236240.000000	845.934326
237096.000000	835.934326
237944.000000	825.934326
238780.000000	815.934326
239606.000000	805.934326
240423.000000	795.934326
241228.000000	785.934326
242024.000000	775.934326
242811.000000	765.934326
243587.000000	755.934326
244352.000000	745.934326
245109.000000	735.934326
245856.000000	725.934326
246593.000000	715.934326
247318.000000	705.934326
248034.000000	695.934326
248742.000000	685.934326
249438.000000	675.934326
250124.000000	665.934326
250801.000000	655.934326
251468.000000	645.934326
252123.000000	635.934326
252770.000000	625.934326
253406.000000	615.934326
254031.000000	605.934326
254649.000000	595.934326
255254.000000	585.934326
255851.000000	575.934326
256438.000000	565.934326
257013.000000	555.934326
257581.000000	545.934326
258136.000000	535.934326
258683.000000	525.934326
259219.000000	515.934326
259746.000000	505.934326
260262.000000	495.934326
260769.000000	485.934326
261264.000000	475.934326
261752.000000	465.934326
262227.000000	455.934326
262694.000000	445.934326
263150.000000	435.934326
263597.000000	425.934326
264032.000000	415.934326
264460.000000	405.934326
264876.000000	395.934326
265282.000000	385.934326
265679.000000	375.934326
266064.000000	365.934326
266441.000000	355.934326
266808.000000	345.934326
267163.000000	335.934326
267511.000000	325.934326
267847.000000	315.934326
268172.000000	305.934326
268490.000000	295.934326
268796.000000	285.934326
269091.000000	275.934326
269378.000000	265.934326
269655.000000	255.934326
269921.000000	245.934326
270176.000000	235.934326
270424.000000	225.934326
270660.000000	215.934326
270887.000000	205.934326
271102.000000	195.934326
271308.000000	185.934326
271506.000000	175.934326
271692.000000	165.934326
271869.000000	155.934326
272034.000000	145.934326
272190.000000	135.934326
272337.000000	125.934326
272474.000000	115.934326
272600.000000	105.934326
272717.000000	95.934326
273015.000000	105.527763
273111.000000	116.080544
273217.000000	127.688599
273334.000000	140.457458
273463.000000	154.503204
273604.000000	169.953522
273759.000000	186.948883
273929.000000	205.643768
274116.000000	226.208145
274322.000000	248.828964
274550.000000	273.711853
274799.000000	301.083038
275072.000000	331.191345
275374.000000	364.310486
275706.000000	400.741547
276070.000000	440.815704
276472.000000	484.897278
276913.000000	533.387024
277398.000000	586.725769
277932.000000	645.398376
278519.000000	709.938232
279165.000000	780.932068
279876.000000	859.025269
281517.000000	849.025269
282376.000000	839.025269
283225.000000	829.025269
284064.000000	819.025269
284895.000000	809.025269
285714.000000	799.025269
286524.000000	789.025269
287322.000000	779.025269
288111.000000	769.025269
288892.000000	759.025269
289661.000000	749.025269
290421.000000	739.025269
291169.000000	729.025269
291909.000000	719.025269
292639.000000	709.025269
293357.000000	699.025269
294067.000000	689.025269
294767.000000	679.025269
295456.000000	669.025269
296135.000000	659.025269
296805.000000	649.025269
297465.000000	639.025269
298113.000000	629.025269
298754.000000	619.025269
299383.000000	609.025269
300001.000000	599.025269
300612.000000	589.025269
301210.000000	579.025269
301801.000000	569.025269
302380.000000	559.025269
302949.000000	549.025269
303509.000000	539.025269
304057.000000	529.025269
304598.000000	519.025269
305126.000000	509.025269
305646.000000	499.025269
306155.000000	489.025269
306655.000000	479.025269
307144.000000	469.025269
307625.000000	459.025269
308093.000000	449.025269
308553.000000	439.025269
309002.000000	429.025269
309442.000000	419.025269
309871.000000	409.025269
310289.000000	399.025269
310700.000000	389.025269
311098.000000	379.025269
311488.000000	369.025269
311868.000000	359.025269
312236.000000	349.025269
312597.000000	339.025269
312946.000000	329.025269
312946.000000	319.025269
